253 252 245 240 236 235 233 229 227 224 219 218 215 209 204 199 194 184 174 172 169 162 147 129 128 127 125 124 116 113 103 93 91 42 39 
252 249 248 243 239 238 233 227 218 207 184 178 162 147 128 127 122 119 118 116 108 106 91 79 73 67 63 58 52 45 39 35 9 
251 250 249 247 242 240 237 232 226 217 206 200 184 181 177 175 165 161 150 146 126 125 121 115 90 73 41 
250 248 247 241 237 231 225 205 199 185 183 182 180 176 174 164 160 149 145 129 126 124 114 108 68 44 40 
249 248 238 197 184 178 172 162 147 128 122 120 115 114 110 105 104 100 96 89 81 70 69 64 55 49 42 41 40 36 27 21 14 
248 243 241 238 237 233 232 231 225 221 211 205 201 195 191 170 166 127 126 122 116 114 106 104 100 96 90 70 69 60 55 49 42 41 27 21 14 
247 246 237 232 228 226 223 217 212 210 203 198 193 185 182 181 177 175 168 163 158 154 148 143 139 109 107 98 92 73 71 69 66 62 57 51 45 41 38 29 16 
246 245 243 242 241 235 232 231 221 211 201 194 181 178 177 169 159 156 144 141 125 121 113 110 85 67 36 
245 243 235 234 233 222 221 212 211 202 192 178 177 167 166 156 141 124 123 122 113 103 102 95 85 80 75 64 59 39 38 
244 242 240 236 234 230 226 220 217 208 206 198 189 185 181 179 177 173 168 163 158 148 143 129 125 119 115 112 102 94 92 90 83 78 69 62 38 34 23 16 8 
243 241 240 239 238 237 236 235 234 232 231 229 227 225 222 220 219 218 216 212 209 207 205 204 202 201 199 195 194 192 191 190 178 177 175 174 170 167 162 159 156 147 144 141 128 126 124 123 122 118 114 109 106 104 103 102 100 99 96 95 93 91 90 85 84 80 75 73 70 69 67 64 63 60 59 55 49 41 39 38 35 27 21 14 
242 241 240 239 236 234 233 232 231 222 217 216 214 210 202 201 200 194 192 189 175 169 167 166 165 159 150 144 128 124 123 122 121 115 110 107 103 102 95 94 92 90 80 75 67 66 64 62 59 57 51 45 41 39 36 29 23 
241 240 239 236 235 234 233 232 231 229 227 226 225 222 220 218 217 216 213 211 209 205 204 202 201 199 197 195 194 192 191 190 187 175 174 172 170 167 161 159 156 146 144 141 128 126 124 123 121 118 115 114 109 105 104 103 102 100 99 95 93 91 90 89 85 84 80 75 73 70 69 67 64 63 59 55 49 39 38 35 27 21 14 
240 236 235 234 233 231 229 227 222 220 218 217 216 213 209 204 202 199 194 192 190 187 177 175 174 171 167 162 159 147 144 128 127 126 124 123 122 118 114 110 109 105 103 102 99 96 95 93 91 90 84 81 80 75 73 67 64 63 59 42 39 38 36 35 
239 238 237 233 232 226 225 221 219 213 212 211 201 197 195 191 187 184 183 182 166 162 160 156 152 147 145 141 137 128 122 115 114 106 96 85 68 64 
238 237 236 234 233 229 227 226 225 222 221 220 219 218 216 211 207 204 202 199 197 194 192 190 185 182 180 179 177 176 175 172 171 167 166 163 161 159 157 156 153 148 146 144 142 141 138 129 128 127 123 122 121 118 115 113 110 109 107 106 104 101 99 93 92 91 90 85 84 81 77 73 72 68 67 63 61 60 56 50 42 41 36 35 28 
237 236 234 231 226 225 224 222 220 217 212 210 209 207 202 200 194 192 187 184 183 182 181 180 179 177 176 172 169 167 165 164 163 161 157 155 153 150 149 148 146 142 140 138 127 126 123 122 121 115 114 108 107 106 105 104 103 101 96 94 93 92 88 84 79 77 73 70 68 67 61 60 56 50 41 39 35 28 24 17 9 
236 235 234 233 231 214 212 203 194 193 191 181 180 179 177 176 169 167 158 157 156 151 143 142 141 136 125 124 123 122 120 113 111 110 103 95 87 86 85 80 75 66 38 37 36 
235 224 221 216 215 212 211 202 201 193 192 186 180 179 177 167 157 142 124 113 111 103 101 87 86 80 67 66 64 54 48 39 26 
234 233 227 222 221 219 218 212 211 209 207 202 200 199 192 190 185 184 180 177 174 169 167 166 164 159 156 149 144 141 125 124 123 122 116 108 103 102 99 95 85 84 80 75 73 67 64 63 59 45 44 38 
233 231 227 226 222 218 217 216 214 213 211 207 204 203 202 199 198 197 193 192 191 190 188 187 185 184 183 182 181 180 177 176 175 170 169 167 163 160 159 158 157 153 152 151 148 145 144 143 142 138 137 136 129 125 123 120 115 111 110 109 108 107 103 101 100 99 95 91 90 87 86 84 80 75 73 70 69 67 66 65 64 63 61 60 55 49 44 43 41 38 37 36 35 33 28 27 22 21 15 14 
232 231 230 229 227 225 224 223 220 218 216 213 208 207 206 204 203 200 199 198 196 194 191 190 184 183 181 179 177 175 174 172 171 167 164 163 162 159 156 155 154 153 151 149 148 147 144 141 140 139 138 136 128 126 123 122 121 120 119 118 115 113 111 108 107 106 105 104 103 102 101 99 92 91 88 87 86 85 83 81 79 77 71 70 69 68 66 64 63 62 61 60 59 56 50 45 42 41 37 28 24 23 17 16 9 
230 229 228 227 226 224 223 210 208 206 205 204 203 188 186 172 169 152 151 137 136 118 115 113 111 95 84 83 74 61 60 35 25 12 
229 228 227 224 210 208 206 205 204 203 202 201 190 169 168 155 154 140 139 116 112 84 83 80 74 63 35 25 12 
228 227 222 209 208 204 203 202 201 190 189 188 174 173 171 168 167 166 155 154 153 151 140 139 138 136 118 116 113 111 110 99 96 95 84 81 80 63 62 59 34 32 31 25 19 4 
227 225 224 222 220 219 218 217 210 207 206 204 203 202 200 199 198 194 193 191 190 189 185 184 182 177 176 173 171 164 159 157 153 151 149 144 142 138 136 125 124 123 121 120 116 114 113 112 102 101 100 96 95 93 92 89 87 86 85 84 83 81 80 77 75 74 73 72 66 65 63 62 56 54 50 48 45 43 38 37 36 35 34 33 32 31 26 22 19 15 12 4 
226 225 221 208 205 202 190 175 174 173 172 171 170 169 166 155 153 152 140 138 137 119 118 116 114 111 98 96 95 84 62 61 60 59 53 47 25 12 
225 224 222 220 219 215 214 213 212 210 207 203 202 200 199 198 195 193 192 191 190 177 175 174 173 172 169 165 164 163 158 157 156 151 150 149 148 143 142 141 136 128 127 125 123 120 119 118 116 115 113 105 104 100 98 94 88 87 86 85 82 81 80 79 75 73 72 71 69 68 67 66 64 62 61 59 56 55 53 50 49 47 42 41 39 38 37 35 33 27 25 24 22 21 17 14 12 9 7 
224 222 219 213 209 208 207 206 204 203 202 197 196 194 192 191 190 185 184 180 177 175 170 163 160 158 156 153 151 148 145 143 141 138 136 127 126 124 123 121 119 118 115 113 112 108 107 106 103 102 101 100 96 95 93 91 89 87 84 83 79 75 73 72 71 67 65 64 63 62 60 59 55 49 43 33 28 27 24 23 22 21 20 17 16 15 14 9 
223 222 221 220 219 217 216 215 214 213 211 202 201 200 199 198 197 195 194 192 189 188 187 184 183 182 181 180 179 169 168 166 165 164 163 162 160 154 153 152 151 150 149 148 147 145 139 138 137 136 129 127 123 120 113 111 110 109 108 107 106 104 103 101 98 97 96 95 94 92 90 87 86 80 77 75 73 72 71 69 66 64 56 50 44 38 37 36 28 23 16 
222 221 220 219 215 213 209 208 205 204 203 200 198 197 195 193 190 187 186 185 180 178 177 176 174 172 171 170 168 166 164 155 153 149 140 138 126 125 123 122 120 119 116 115 113 111 109 108 107 106 104 103 101 98 92 91 89 88 87 86 85 84 82 72 71 65 62 61 60 59 56 53 50 47 45 44 43 42 40 38 35 28 25 20 15 12 7 
221 217 215 212 208 206 204 203 202 199 198 196 194 190 186 185 183 182 180 177 175 174 173 170 169 168 166 165 164 161 157 156 153 152 150 149 146 142 141 138 137 129 126 124 123 122 120 118 114 112 111 109 108 107 106 104 103 101 98 96 95 93 88 87 86 85 83 82 81 79 75 70 69 67 66 65 64 61 59 56 53 50 47 45 43 38 37 35 28 25 24 23 17 16 15 12 9 7 
220 217 216 215 214 211 210 209 207 204 202 201 199 198 197 193 191 188 187 185 182 180 179 178 177 175 174 171 169 168 166 165 163 158 157 156 155 151 150 148 143 142 141 140 136 128 127 126 122 119 118 117 116 114 113 110 109 108 104 103 98 95 94 92 91 89 88 87 85 83 81 80 79 78 75 71 70 69 68 65 64 63 62 57 54 53 51 48 47 44 42 41 38 36 34 33 29 28 26 25 24 22 17 16 15 12 9 8 
219 218 216 213 212 208 206 202 201 198 197 196 195 192 191 189 188 187 186 184 182 180 177 176 175 174 173 171 169 168 166 162 161 158 157 153 151 147 146 143 142 138 136 129 123 118 115 114 113 111 109 107 106 104 99 97 94 92 90 89 88 84 83 82 81 77 75 71 70 67 64 61 59 58 54 53 52 48 47 45 44 42 40 39 38 37 35 33 28 26 25 24 22 17 12 7 
218 210 208 205 204 201 200 198 196 195 193 192 187 186 185 182 181 180 179 176 172 167 166 165 164 161 159 156 150 149 146 144 141 129 126 125 120 117 116 115 114 112 107 105 103 100 98 96 94 93 92 89 86 85 83 75 71 70 69 67 59 58 57 53 52 51 47 44 42 41 40 39 38 36 35 34 32 31 29 24 20 19 17 16 12 4 
217 216 214 211 210 209 207 205 203 202 199 198 197 196 195 193 190 189 187 185 182 181 178 176 175 174 172 170 169 168 167 166 164 161 160 159 158 153 152 151 149 146 145 144 143 138 137 136 128 127 125 123 122 118 117 116 115 113 112 111 106 104 98 97 96 95 94 93 91 89 86 81 80 79 78 77 73 71 69 68 66 65 62 56 55 53 50 49 47 44 43 41 40 39 37 34 33 27 25 24 22 21 20 17 15 14 12 9 8 
216 212 210 206 204 202 194 193 191 186 181 180 179 178 177 175 174 173 168 167 158 157 156 154 153 152 143 142 141 139 138 137 129 127 125 123 122 119 112 111 109 105 101 100 98 97 93 90 89 86 84 83 82 80 79 78 73 72 71 69 67 65 62 61 60 57 56 55 51 50 49 45 42 40 39 38 37 36 35 32 31 29 28 27 25 24 23 21 20 19 17 15 14 9 8 7 4 
210 208 203 202 201 189 188 187 169 168 155 154 152 151 140 139 137 136 118 117 115 113 111 110 95 84 83 82 74 62 61 60 34 33 32 31 19 12 4 
209 208 207 206 205 200 196 193 190 188 186 184 181 171 169 155 154 152 151 140 139 137 136 127 125 124 123 122 120 119 115 112 111 109 108 106 105 104 103 100 99 98 97 96 93 92 89 86 84 80 79 78 75 70 68 65 64 60 59 57 54 53 51 48 47 44 37 35 34 33 29 28 26 25 24 23 22 20 17 15 12 9 8 
208 203 201 200 197 196 195 194 193 192 189 187 186 184 183 180 178 173 168 167 165 160 159 158 157 156 150 145 144 143 142 141 128 127 126 125 120 119 115 114 113 112 111 108 103 102 100 98 97 94 91 89 88 87 84 82 80 78 77 74 73 71 70 69 68 66 61 59 57 55 54 51 49 48 45 44 43 41 40 39 37 35 34 33 29 28 27 26 25 23 22 21 20 14 12 8 7 
129 127 124 122 108 99 94 88 73 70 63 58 52 45 42 39 35 24 17 
128 126 122 116 115 114 110 106 105 100 91 90 89 85 81 64 60 42 36 
127 122 120 116 110 106 105 100 96 89 81 76 60 36 32 21 6 
126 120 116 106 104 96 90 85 70 69 60 55 49 42 41 40 27 21 14 
125 123 113 112 111 110 103 102 100 88 87 86 80 64 59 36 20 
124 121 120 113 103 102 100 95 86 85 80 75 59 39 38 
123 120 113 103 101 95 87 67 66 64 59 54 48 39 38 37 26 
122 121 120 116 115 114 109 104 102 100 99 95 93 86 85 84 80 79 76 75 70 69 64 63 60 59 55 49 45 42 41 40 38 32 27 14 6 
121 120 118 116 113 111 108 107 106 103 102 101 100 97 96 95 90 89 86 82 80 77 75 70 69 61 60 59 55 49 44 43 42 41 40 39 38 37 33 28 27 22 21 14 7 
120 119 118 116 115 114 110 108 105 104 100 96 89 81 79 73 70 69 67 64 63 58 55 52 49 45 41 40 39 36 35 27 21 14 9 
119 117 113 110 99 98 96 95 84 83 82 80 60 59 34 33 32 31 25 19 4 
118 115 114 113 111 110 99 98 96 95 82 81 74 35 34 33 32 31 19 12 4 
117 114 111 110 99 97 83 80 63 62 60 53 47 34 32 31 19 12 4 
116 114 113 111 110 109 108 107 106 105 103 102 97 96 94 92 90 89 88 87 84 82 81 80 77 75 74 70 67 62 61 55 54 49 48 44 42 41 40 36 35 33 28 27 26 25 23 22 21 20 16 14 12 7 
115 113 108 107 106 103 98 94 92 90 89 88 87 86 85 84 79 74 67 66 63 58 57 52 51 42 41 39 38 29 25 23 20 12 9 
114 113 109 104 102 100 97 96 95 92 89 85 84 80 77 75 73 72 71 69 68 67 66 64 63 59 57 56 54 53 51 50 48 47 45 41 38 29 28 26 25 16 12 
113 111 110 109 108 107 106 104 103 102 100 95 92 90 88 85 83 79 78 76 75 73 72 71 69 68 67 66 64 63 61 59 57 56 55 53 51 50 49 47 45 44 43 42 40 39 31 29 27 24 23 22 19 17 14 12 9 8 7 6 4 
111 110 108 103 101 99 96 94 93 90 89 82 81 78 77 74 72 71 69 67 65 64 61 59 56 54 50 48 44 39 38 35 32 31 26 23 22 19 16 15 12 8 4 
109 107 103 100 99 98 97 96 95 79 78 77 75 74 55 54 53 29 27 26 25 11 3 
108 105 104 103 101 100 99 95 77 76 74 53 30 28 26 18 3 
107 104 101 100 99 78 75 58 57 55 53 46 29 28 27 26 25 18 11 
94 92 88 85 84 83 82 81 80 79 78 76 75 49 48 47 23 22 20 18 10 
93 90 89 88 86 85 84 80 79 78 76 75 74 47 23 
92 89 86 85 84 79 77 74 52 51 49 47 46 24 21 18 10 
73 71 67 64 63 62 61 60 59 58 57 55 54 52 51 50 48 47 17 14 13 11 1 
72 69 68 67 65 64 63 59 58 57 55 54 53 50 49 47 46 16 15 14 11 
71 68 65 64 63 58 56 53 51 48 13 12 1 
45 43 39 36 35 34 33 32 31 30 29 27 26 24 23 22 20 19 14 13 12 9 4 3 1 
44 41 40 39 37 36 35 31 30 29 27 26 25 22 21 19 18 12 8 7 6 4 3 
43 40 37 36 35 30 28 25 23 20 17 16 14 12 11 10 9 8 6 5 3 2 0 
253 251 243 242 241 233 232 213 212 211 201 166 110 100 85 64 36 
252 243 233 232 221 211 201 191 166 122 120 100 85 
251 243 233 231 221 212 178 177 166 156 141 122 121 100 64 
250 248 245 243 229 210 204 175 172 155 140 119 116 113 99 84 35 
249 247 243 227 226 221 207 206 205 201 166 115 114 81 60 
248 243 241 227 226 221 205 187 116 96 60 
247 241 227 225 206 201 172 171 152 137 115 114 81 
246 244 224 223 221 204 203 202 166 113 112 111 59 
245 242 241 224 223 221 202 201 186 112 95 80 59 
244 241 224 222 203 169 168 166 151 136 112 111 59 
243 241 239 238 237 233 232 221 217 213 206 197 196 191 184 183 182 178 177 172 170 166 161 160 152 146 145 137 128 127 126 122 106 105 104 100 91 89 85 81 76 70 69 68 64 60 55 49 41 32 27 14 6 
242 235 234 233 223 216 214 212 211 204 194 186 169 159 158 144 143 122 121 113 103 102 95 88 86 85 67 66 59 38 20 
241 238 233 231 227 219 218 205 196 195 187 183 182 178 176 170 166 160 156 145 141 127 122 121 116 100 96 68 64 60 41 
240 238 235 233 200 194 165 162 155 135 109 108 106 103 79 
239 237 233 227 226 225 221 197 196 195 191 187 156 152 105 
238 233 231 227 221 195 187 152 106 105 27 
237 231 227 196 191 162 161 152 132 105 96 76 27 
236 234 224 223 222 221 194 193 192 186 156 151 103 102 75 
235 232 231 224 192 191 186 151 100 95 75 
234 231 224 193 159 158 156 151 131 102 95 54 26 
233 232 231 227 226 225 199 192 191 190 186 162 161 156 155 152 151 132 106 105 100 99 96 95 79 76 75 
232 231 229 227 224 222 196 195 192 188 186 162 161 153 152 151 132 105 104 100 96 95 76 75 27 
231 230 229 227 226 225 221 195 187 165 162 161 159 156 155 135 132 109 108 103 99 96 79 76 58 30 27 
230 228 224 221 190 189 188 186 152 151 99 97 74 
229 226 225 224 222 221 188 187 97 53 25 
228 225 222 221 189 186 155 154 152 130 99 98 97 96 95 74 25 
227 225 224 222 221 200 198 196 195 194 193 190 188 187 186 162 159 154 153 132 131 109 107 104 103 102 100 99 96 78 76 74 57 54 53 27 26 25 
226 224 200 198 196 195 194 193 192 191 190 159 158 155 135 134 108 107 105 102 98 79 78 75 74 58 57 53 30 29 25 
225 224 198 195 191 190 186 165 164 163 161 160 159 158 156 155 151 134 133 131 130 105 104 100 97 96 95 77 75 56 54 29 28 26 25 
224 222 221 198 196 194 191 189 165 164 163 161 160 159 158 156 155 153 151 134 133 132 130 102 100 77 76 75 74 58 57 56 30 28 25 
223 219 218 217 216 211 210 208 207 205 204 201 200 199 197 195 193 188 186 184 183 182 177 176 175 173 170 169 168 165 164 163 161 158 155 153 152 151 146 145 144 143 140 137 134 133 131 130 129 128 127 126 125 123 122 119 117 116 113 111 102 97 96 92 88 86 85 84 80 79 77 75 68 67 66 60 59 57 56 54 35 28 26 25 20 
222 221 200 199 196 195 188 187 164 163 161 159 157 156 153 151 133 131 102 101 95 57 54 53 29 26 25 
221 217 216 215 214 213 212 211 207 206 198 197 196 192 188 186 183 182 178 172 171 170 166 164 163 162 160 159 157 156 152 151 147 146 145 144 143 141 135 134 133 131 126 125 122 120 116 113 110 109 108 107 106 105 101 100 98 97 96 95 93 91 89 88 86 84 81 79 78 76 75 74 70 69 68 67 66 64 63 60 59 58 55 54 53 49 45 41 38 36 32 30 26 25 20 14 6 
220 218 215 213 199 190 150 147 140 135 91 84 24 
219 217 213 207 206 205 201 197 196 191 141 137 90 89 81 
218 213 211 207 201 197 196 191 187 137 89 85 76 
217 211 207 197 195 187 147 146 137 132 91 89 85 76 21 
216 214 204 203 202 201 194 193 191 141 136 88 87 86 85 80 20 
215 212 211 204 194 193 191 186 136 88 87 86 85 80 75 
214 211 204 194 192 186 144 143 141 136 131 88 86 75 48 
213 212 211 207 206 205 200 195 193 191 190 186 147 146 141 140 137 136 132 94 93 91 90 89 87 86 85 84 81 80 79 75 21 
212 211 209 207 204 202 199 198 197 194 193 192 191 188 187 186 147 146 138 137 136 132 93 92 91 88 87 80 76 75 21 
211 210 209 207 206 205 201 199 196 195 191 187 150 147 146 144 141 140 135 132 94 90 88 85 84 81 79 76 52 24 21 
210 208 204 201 190 189 187 186 137 136 84 81 74 
209 206 205 204 202 201 190 189 187 186 84 83 80 74 47 
208 205 202 201 190 188 140 139 137 130 81 
207 205 204 202 201 200 199 198 197 196 194 193 188 187 147 144 139 138 132 131 94 93 92 91 88 87 85 81 80 76 51 48 47 23 21 20 
206 204 199 198 197 194 189 144 143 140 135 134 94 92 91 89 86 85 84 79 78 52 51 47 24 23 20 
205 204 200 195 193 191 188 187 186 150 149 148 146 145 144 143 141 140 136 134 133 131 130 94 92 90 89 87 85 84 80 78 74 50 48 
204 202 201 200 199 198 197 195 194 193 191 186 150 149 148 146 145 144 143 141 140 138 136 134 133 132 130 94 93 91 90 89 85 83 80 79 75 52 51 50 21 
202 201 199 194 192 190 187 149 148 146 144 142 141 138 136 133 131 94 90 89 88 87 84 82 80 78 77 75 74 51 48 47 22 
201 200 198 196 194 191 190 189 188 172 166 155 152 151 141 140 138 137 128 122 120 116 115 114 106 105 104 99 95 94 92 90 88 86 85 83 81 80 76 75 74 70 69 64 60 55 49 47 42 41 40 32 14 6 
200 198 194 191 190 189 188 187 186 132 131 130 79 77 76 46 18 
199 196 195 194 192 191 190 186 130 79 76 75 74 
198 195 192 191 190 135 134 132 130 77 76 74 18 
194 193 186 184 178 171 166 162 161 160 158 157 153 151 150 145 144 143 142 140 139 137 134 128 127 122 121 120 116 109 108 107 106 104 102 101 100 98 97 96 94 91 87 86 85 84 82 81 79 78 77 75 63 59 58 56 54 50 48 45 38 30 28 26 23 22 21 20 18 
185 183 180 178 164 155 150 144 67 58 17 
184 182 178 172 171 170 166 162 161 156 147 146 145 141 137 70 60 
183 178 176 172 166 162 161 156 152 145 137 132 64 49 14 
182 176 172 162 160 152 146 141 68 60 14 
181 179 169 168 167 166 159 158 156 144 143 142 136 59 48 
180 177 176 169 159 158 156 151 142 141 136 131 67 66 59 
179 176 169 159 157 151 143 65 64 59 48 
178 177 176 172 171 170 165 160 158 156 155 151 149 142 141 140 136 135 132 131 73 68 66 64 63 59 49 
177 176 174 172 169 167 164 163 162 159 158 157 156 153 152 151 146 145 142 138 136 133 131 72 71 68 67 66 65 60 59 56 50 15 14 
176 175 174 172 171 170 166 164 161 160 156 152 145 137 135 70 68 58 52 17 14 
175 173 169 166 155 154 152 151 140 139 138 136 62 61 53 47 12 
174 171 170 169 167 166 155 154 152 151 138 137 130 63 62 61 60 59 47 
173 170 167 166 155 153 139 136 63 59 53 
172 170 169 167 166 165 164 163 162 161 159 158 153 152 150 148 146 145 144 143 140 138 137 136 133 131 130 72 69 68 67 64 63 62 56 53 51 50 16 15 14 12 
171 169 164 163 162 159 154 150 148 146 145 144 143 142 141 140 135 130 70 69 63 58 53 52 48 17 12 
170 169 165 160 158 156 153 152 151 148 145 141 140 136 133 131 72 71 68 67 64 63 59 51 50 48 47 16 12 
169 167 166 165 164 163 162 160 159 158 156 151 148 146 144 141 139 135 134 132 131 70 69 66 64 63 61 56 53 52 49 16 15 
167 166 164 159 157 155 152 150 149 146 145 138 137 134 133 130 71 69 66 65 64 63 61 60 56 51 48 47 15 
165 163 159 156 155 154 153 152 151 135 134 133 131 130 57 
164 161 160 159 157 156 155 151 133 132 130 58 56 54 53 46 11 
163 160 157 156 155 134 131 58 56 54 11 
150 148 144 141 140 139 138 137 136 135 134 132 131 51 50 49 47 46 10 
149 146 145 144 142 141 140 136 135 134 132 131 130 51 47 
148 145 142 141 140 135 133 130 51 47 10 
129 127 124 122 108 99 94 88 73 70 63 58 52 45 42 39 35 24 17 
128 126 122 116 115 114 110 106 105 100 91 90 89 85 81 64 60 42 36 
127 122 120 116 110 106 105 100 96 89 81 76 60 36 32 21 6 
126 120 116 106 104 96 90 85 70 69 60 55 49 42 41 40 27 21 14 
125 123 113 112 111 110 103 102 100 88 87 86 80 64 59 36 20 
124 121 120 113 103 102 100 95 86 85 80 75 59 39 38 
123 120 113 103 101 95 87 67 66 64 59 54 48 39 38 37 26 
122 121 120 116 115 114 109 104 102 100 99 95 93 86 85 84 80 79 76 75 70 69 64 63 60 59 55 49 45 42 41 40 38 32 27 14 6 
121 120 118 116 113 111 108 107 106 103 102 101 100 97 96 95 90 89 86 82 80 77 75 70 69 61 60 59 55 49 44 43 42 41 40 39 38 37 33 28 27 22 21 14 7 
120 119 118 116 115 114 110 108 105 104 100 96 89 81 79 73 70 69 67 64 63 58 55 52 49 45 41 40 39 36 35 27 21 14 9 
119 117 113 110 99 98 96 95 84 83 82 80 60 59 34 33 32 31 25 19 4 
118 115 114 113 111 110 99 98 96 95 82 81 74 35 34 33 32 31 19 12 4 
117 114 111 110 99 97 83 80 63 62 60 53 47 34 32 31 19 12 4 
116 114 113 111 110 109 108 107 106 105 103 102 97 96 94 92 90 89 88 87 84 82 81 80 77 75 74 70 67 62 61 55 54 49 48 44 42 41 40 36 35 33 28 27 26 25 23 22 21 20 16 14 12 7 
115 113 108 107 106 103 98 94 92 90 89 88 87 86 85 84 79 74 67 66 63 58 57 52 51 42 41 39 38 29 25 23 20 12 9 
114 113 109 104 102 100 97 96 95 92 89 85 84 80 77 75 73 72 71 69 68 67 66 64 63 59 57 56 54 53 51 50 48 47 45 41 38 29 28 26 25 16 12 
113 111 110 109 108 107 106 104 103 102 100 95 92 90 88 85 83 79 78 76 75 73 72 71 69 68 67 66 64 63 61 59 57 56 55 53 51 50 49 47 45 44 43 42 40 39 31 29 27 24 23 22 19 17 14 12 9 8 7 6 4 
111 110 108 103 101 99 96 94 93 90 89 82 81 78 77 74 72 71 69 67 65 64 61 59 56 54 50 48 44 39 38 35 32 31 26 23 22 19 16 15 12 8 4 
109 107 103 100 99 98 97 96 95 79 78 77 75 74 55 54 53 29 27 26 25 11 3 
108 105 104 103 101 100 99 95 77 76 74 53 30 28 26 18 3 
107 104 101 100 99 78 75 58 57 55 53 46 29 28 27 26 25 18 11 
94 92 88 85 84 83 82 81 80 79 78 76 75 49 48 47 23 22 20 18 10 
93 90 89 88 86 85 84 80 79 78 76 75 74 47 23 
92 89 86 85 84 79 77 74 52 51 49 47 46 24 21 18 10 
73 71 67 64 63 62 61 60 59 58 57 55 54 52 51 50 48 47 17 14 13 11 1 
72 69 68 67 65 64 63 59 58 57 55 54 53 50 49 47 46 16 15 14 11 
71 68 65 64 63 58 56 53 51 48 13 12 1 
45 43 39 36 35 34 33 32 31 30 29 27 26 24 23 22 20 19 14 13 12 9 4 3 1 
44 41 40 39 37 36 35 31 30 29 27 26 25 22 21 19 18 12 8 7 6 4 3 
43 40 37 36 35 30 28 25 23 20 17 16 14 12 11 10 9 8 6 5 3 2 0 
